1000      10        1.602800             0.001449        1.593000        1.614000       
1500      23        3.761826             0.009653        3.583000        4.187000       
2000      10        6.590700             0.008026        6.354000        6.841000       
2500      14        10.240071            0.009913        9.989000        11.509000      
3000      10        14.498900            0.003711        14.317000       14.907000      
3500      10        19.982300            0.006435        19.537000       20.714000      
4000      10        26.123300            0.008838        25.380000       28.033000      
4500      10        32.864400            0.004209        32.470000       33.688000      
5000      18        41.371000            0.009677        40.209000       46.637000      
5500      10        48.400500            0.003225        47.923000       49.558000      
6000      10        58.498600            0.003388        57.802000       59.682000      
6500      10        69.141300            0.005667        67.943000       71.970000      
7000      10        80.032300            0.003978        78.581000       81.776000      
7500      10        91.382000            0.002369        90.419000       92.858000      
8000      10        105.403000           0.008379        102.753000      111.913000     
8500      10        117.566400           0.002914        115.670000      118.985000     
9000      15        133.630733           0.009558        130.892000      150.808000     
9500      10        147.379800           0.004127        144.148000      151.042000     
10000     10        163.050600           0.006032        158.874000      169.590000     
