1000      10        1.622000             0.004006        1.589000        1.662000       
1500      16        3.720125             0.009623        3.575000        4.052000       
2000      10        6.640900             0.008144        6.421000        6.902000       
2500      10        10.112800            0.004241        9.964000        10.414000      
3000      10        14.557000            0.007018        14.295000       15.445000      
3500      10        19.765600            0.003682        19.470000       20.321000      
4000      27        26.600222            0.009913        25.381000       30.567000      
4500      88        33.284557            0.009971        32.089000       60.851000      
5000      10        40.452300            0.003466        39.871000       41.030000      
5500      10        48.917100            0.002757        48.315000       49.565000      
6000      10        57.926000            0.002709        57.387000       58.868000      
6500      10        68.498100            0.006407        67.436000       71.850000      
7000      10        79.735200            0.005846        78.019000       83.657000      
7500      10        91.650000            0.003679        90.842000       94.254000      
8000      10        103.637400           0.004459        102.149000      106.679000     
8500      10        116.626500           0.002923        115.822000      119.311000     
9000      10        131.750800           0.002246        130.506000      133.526000     
9500      10        146.639000           0.005101        144.617000      152.310000     
10000     10        163.478700           0.005645        160.717000      170.617000     
