1000      69        1.410696             0.009963        1.309000        2.019000       
1500      18        3.078333             0.009550        2.942000        3.407000       
2000      10        5.382500             0.009528        5.204000        5.696000       
2500      10        8.437600             0.008938        8.127000        8.839000       
3000      10        11.945600            0.004225        11.758000       12.225000      
3500      10        16.287600            0.004155        16.021000       16.660000      
4000      18        22.130833            0.009510        20.955000       24.467000      
4500      86        28.030663            0.009981        26.298000       46.179000      
5000      25        33.535640            0.009798        32.632000       41.233000      
5500      10        40.168000            0.005761        39.591000       41.923000      
6000      28        48.329607            0.009914        46.884000       60.447000      
6500      10        56.227900            0.003195        55.465000       57.211000      
7000      10        64.748300            0.005992        63.774000       67.927000      
7500      10        74.011500            0.001256        73.596000       74.450000      
8000      10        85.371200            0.005523        84.294000       88.757000      
8500      10        95.404600            0.005582        93.976000       99.874000      
9000      10        107.802200           0.004395        105.875000      110.625000     
9500      12        120.715333           0.009922        118.109000      133.331000     
10000     10        132.225400           0.002324        131.114000      134.090000     
